21
20.5
20.5
21
21.5
21
21
21
20.5
21
21
21
21
20.5
20
22.5
22.875
22
22
22
21.6333
22
22.5
22.5
22.125
22.5
22.5
22.5
22.5
22.5
22.875
22.5
22.5
22.5
22.5
22.5
22.5
22.5
22.5
22.5
22.5
22.5
22.5
22.5
22.5
22.5
22.425
22.5
22.5
22.5
22
22
22
22
22.5
22.5
22.5
22
22
22
22
22.5
22.5
22.5
22.5
22.3417
22
22
22
22.5
22.5
22.5
23
23
23
22.5
22
22
22
22
22.5
22.5
22.5
22.5
22
22
22
22.6583
22.5
22.5
22.5
22
22
22
22.5
22.5
22.5
22.5
22.5
22.125
22.5
22
22
22
22
22
21.5
21.5
21
21.5
22
22.5
22.5
22
21.5
21.5
21.5083
22
22.5
23
23
22.5
22
22
22.3667
22.5
22.125
22.5
22.5
22.5
23
23
23
23
22.5
22.5
22.5
22.5
22.875
22.5
22.5
23
22.6167
23
22.5
22.5
22.5
22.875
22.5
23
23
22.5
22.5
22.5
22.5
22.5
22.5
22.5
22
22
22
22.5
22.5
22
22
22
22.1417
22.125
22.5
22
22
22
22
22
22
22
22
21.5
21.1417
21
21
21
21
21.5
21.5
21.8583
21.225
21
21
21
21
21
21
21
21
21
21
21
21
21
21
21
21
21
20.9167
20.5
21
21
21
21
21
20.5
20.5
21
21
21
21
21
21
20.5
20.5
20.5
20.7917
21
21
21
21
21
20.5
20.5
20.7417
21
21
21
21
20.8333
20.65
21
21
21
21
21
20.5
20.5
21
21
21
21
21
20.65
21
20.5
20.5
21.0417
21
20.5
20.5
21
21
20.5
20.5
20.5
20.5
21
21
21
21
20.5
20.8417
21
20.65
21
21
21
21
21
21
21
21
21
21
21.35
21
21
20.65
21
21
21
21.35
21
21
21
21
21
21
21
21
21
21
20.5
21
21
21
20.5
21
21
21
20.65
21
20.5
21
21
21
21
21
21
20.5
20.5
16.5
16.5
16.5
16
16
15.5
15
15
15
15.2333
15.5
16
16.5
16.5
16.5
16.5
16
16
15.5
15
15
15.5
15.5
15.2417
16.5
16.5
17
17
17
16.5
16
16
16
16.5
17
17
17
17.2833
16.5
16.5
16.5
17
17
17
17.5
17
17
16.5
16
16
16.175
16.5
16.6667
16.5
17
17
17.5
17.5
17.375
16.5
16
16
16.5
17
17
16.5
16
15.5
15
15
15.3
15.5
16
16.5
16.5
16
15.475
14.8917
15
15
15.5
15.5
16
16.5
17
17
16.9833
16
15.5
15
15
15
15
15.5
15.5
16
16.225
16.5
16.5
16.3583
15.5
15
14.5
14
14
14.5
14.5
15
15.5
15.7583
16
16
16
15
14.5
14.5
14.5
15
15.5
15.5
15.875
16
15.5
15.5
15.5
15
14.5
14.5
14.5
15
15.5583
16.5
16.3917
16
16.5
17
17.5
17.4833
17
16.5
16.0667
16
15.5
15
14.5
14
14
14
14.5
15
15.5
16
16.5
16.5
16
15.5
15
14.5
14
13.9333
14
14.5
15
15.5
16
16
15.5
15
14.5
14.5
14.6333
15
15.5
16
16
16.5
16.5
16
15.9917
15
15
15.25
15.5
15.45
16.5
17
17
17.5
17.7667
17
17
17
17
16.5
16
15.5
15.5
16
16.2667
16.4083
17
17
17.65
17.5
17.2083
17
16.5
16.5
17
17
17.5
17.5
17.7917
17.5
17
17
16.225
17
17.5
17
17
17
17
17
16.5
16
15.5
16
16.5
16.4417
17
16.5
16
15.5
15
15.5
15.5
16
16.5
17
17
17.5
17
16.7167
17
16.5
16
15.5
15
15.5
15.5
16
16.5
16.5
16.5
16
15.5
15
15
14.5
14
14.5
18.5
19
19
19
18.6833
19
19
19
19
19
19.3167
19
19
19
19
19
19
19
19
19
19
19
19
19
19
19
19
18.5
19
19
18.5
18.5
19
19
19
19
19
19
18.5
18.5
18.5
19
19
19
19
19
18.5
18.5
18.6583
19
19
18.5
19
19
19
19
19
18.5
18.5
18.5
19
19
19
19
19
18.5
18.5
18.5
19
19
19
19
18.5
18.5
18.5
18.5
18.5
19
19.2167
18.8333
19.275
19.5
19
19
18.6833
19
18.5
18.5
18.575
19
19.5
19
18.5
18.5
18
18.5
19
19.5
19
18.5
18.9333
18.5
18.5
18.5667
19
19
19
18.5
18.5
18.5
18.8083
19
19.0667
19.5
19.5
19.5
19
19
19
19
19
19
18.5
18.8083
19
19
18.6833
19
19
19
19.3167
19
19
19
19
18.5
19
19
19
19
19
19
19
19
18.5
18.5
19
19
19.5
19.5
19
18.6833
19
18.5
18.5
19
19
19
19
18.95
18.5
18.5
19
24
24.5
24.5
24
23.5
23
23
23
23
23.5
24
24
24.5
24.5
24.9083
24
23.5
23.5
23.5
23.5
23.1083
24
24
24.5
25
24.5833
24.5
24
23.5
23.5
23.5
23.5
24
24.5
24.5
24.5
24.9083
24
23.5
23.5
23.5
23.5
23.5
23.4917
24.5
24.5
24
23.5
23.5
23.5
23.5
24
24
24.5
24.5
24.5
24
23.5
23.5
23
23.5
24
24.5
24.5
24
23.5
23
23
23
23.5
24
24.5
24.5
24.5
24
23.5
23
23.3833
23.5
23.5
24
24.5
24.5
24.5
24
23.5
23.5
23
23
23
23
23
23.5
24
24
24
24.5
24.5
24
23.5
23
23
23
23.5
24
24.5
25
25
25
24.5
24
23.5
23
23
23
23.5
24
24
24.5
24.5
24.5
24.5
24
23.5
23.5
23
23
23.5
23.5
23.975
24
24.5
24.0917
24.625
24.5
24
23.5
23
23
23
23.5
24
24.5
24
23.5
23
22.5
23
23.5
24
24.5
25
25
24.5
24
23.5
23
23
23
23
23.5
24
24
24.5
25
25
24.5
24.5
24
23.5
23
23.3833
22.6167
23.5
23.5
24
24.0917
25
25
25
25
24.5
24
23.5
23.5
23.5
23.5
23.8917
23.5
24
24.5
24.5
24.0917
25
24.5
24
24
23.5
23.5
24
24.4
24
24
24.5
24
23.5
23.5
23
23.5
23.5
24
24.0667
24.5
24.5
24
23.5
23
23.5
24
24
24.5
24.5
24
23.5
23
23
22.5
23
23
23.5
24
24
24.5
24.0917
24.5
24
23.5
23
23
23.5
24
24
24
24.5
24.5
24.5
24
23.5
23
21
20.5
20.5
21
21
21.3167
21.5
21.5
21.5
21.5
21.5
21.5
21
21.35
20.5
20.5
21
21
21
21.35
21.5333
21.5
21.5
21.5
21.1417
21
21
21
20.65
21.675
21.5
21.5
21.5
21.8333
21
21
21
21
21.7583
21.425
21.5
21
21
20.5
21
21.4583
22
21.6333
21.5
21.5
21.5
21.5
21
20.5
21
21
21.5
21
21
21
20.5
20.5
21
21
21.55
21.5
21.5
21.5
21
21
20.5
20.5
20.5
21
21.1833
21.5
21
21
21
21
20.5
20.5
20.5
21
21
21.5
21.5
21.5
21.5
21.275
20.5
20
20.5
20.5
21
20.75
22
21.5
21.5
21.5
21.5
21.5
20.5
21
21
21.5
22.2083
22
21.5
21.5
21.5
21.5
21.475
20.5
20.5
21
21
21.5
21.5
21.5
21.5
21.5
21.1417
21.5
21
20.5
20.5
21
21
21.1667
21.5
21
21
20.5
20.5
21
21.5
21
21
20.5
20.5
21
21.5
21.5
21.5
21.5
21
21
20.5
20.5
21
21.35
21
21.5
21.1417
22
22
21.5
21.5
21.5
21.5
21.5
21.5
21.5
21
20.5
20.5
20.5
21
21.35
21.8083
22
21.6333
21.5
21
21
21
21.2167
22
21.5
21.8583
21.5
21.5
21.5
21
21
21.5
21.5
21.5
21.5
21.5
21
21
20.5
20.5
21
21
21.3167
21.5
21.5
21.5
21
20.5
20.5
21
21.5
21.5
21.5
21.1417
21
20.5
20.5
21
21.325
21.5
21.5
21.35
21
21
20.5
20.4583
20.8667
21.5
19.5
19.5
20
20.05
20.5
20.5
21
21
21
20.5
20.5
20.8417
20
19.5
19.5
20
20
20
19.9667
21
21
20.5
21
20.625
20
20
20.5
20.5
21
21
21
21.35
20.5
20
20
20.8417
20.5
20.5
20.7667
20.5
21
20.5
20.5
20
20
20
20.1
20.5
21
21
20.5
20.65
20.5667
20.5
20
20
20.5
20.5
20.5
20
19.9833
20
20.2833
20.5
21
20.5
20.5
20.5
20
20
19.5
19.5
20
20
20.5
20.6
20.5
21
20.5
20.5
20.5
20
19.5
19.5
20
20
20
20.1583
20.5
21
21
21
20.5
20.5
20.5
20
19.5
19.5
20.3333
19.9667
21
20.5
20.5
21
21
21
20.5
20.5
20.5
20.5
21
20.5
20.625
21
20.5
20.5
20.5
20.125
19.5
19.5
20
20.5
21
21
21
20.5
20.5
20.1583
20.5
20
19.5
19.5
20
20
20.8417
21
20.5
21
20.5
21
20.5
20
20
20.5
21
20.5
21
20.5
21
20.5
20
19.5
19.5
19.5
20
20.5
21
21
20.5
21
20.5
20.5
20
19.5
20
20.3333
20.5
20.1583
21
21
21
20.8417
20.5
20.5
20.5
20.5
20
20
20
20
20.675
20.5
21
20.5
20.5
21
20.5
21
20.65
20.5
20
20.5
20.5
21
21
21.35
21
21
21
20.5
20
20.5
21
21
20.5
20.5
20.5
20.5
20.5
20
20
20.5
21
21
20.5
20.5
20
19.9167
20
20.5
20.5
21
20.825
21
20.5
20.1583
20.5
20
19.5
20
20
20.575
20.8917
20.5
20.5
20
20
19.5
19.5
20
20.1583
20.5
20.5
20.5
21
21
21
20.8417
20.5
20.5
20.5
20.5
20.5
21
20.5
20.5
20.5
20.5
20.1583
21
20.5
20.5
21
21
20.9667
20.5
20.5
20.5
20.5
20.5
21
20.5
20.5
20.5
20
20
20.5
20.5
20.5
20.5
20
20
20
20
20
20.5
20.5
20.5
21
20.5
20.5
20
20
20
19.9
21
21
20.5
20.5
20.5
20.5
20.5
21
21
21.0417
20.5
20.5
20
20
20.5
20.5
20.5
20.5
21
20.8833
20.5
20.4
20.5
20.5
21
20.5
20.5
20
20.5
20.5
20
20
20
20
20.5
20.5
20.5
20.5
20.475
20.3333
19.875
20.5
20.5
20.65
21
21
20.5
20.5
20.5
20.5
20.5
20.8417
20.5
20.5
21
20.5
20.5
20.5
20.5
20.8417
20.5
20.5
20.5
20.5
20.5
21
21
21
20.1583
20.5
20.5
21
20.5
20.5
20.5
20.5
20.65
20.5
20.1583
20.5
20
20
20
20.5
20.5
20.5
21
20.5
20.5
20
20
6.875
6.5
6
5.5
5
5.5
6
6.5
7
7.5
8
8.68333
9.71667
10.5
10.5
10.425
9.5
9.03333
8
7.175
6.5
6
6.5
7
7.5
8.01667
9
9.5
10
10.5167
11.5
12.0917
13.25
13.9417
13
12.5
12
11.5
11
10.5
11
11.5
12.0833
13
13.5
13
12.1333
11.3
10.35
9.5
9
9.5
10.0083
11
11.5
12
11.5
11
10.2667
10.5333
11.55
12.5
13
13.5
13
12.5
11.8167
10.4667
9.5
9
8.5
9
9.5
10
11.1
11.5
12
12.3667
11.5167
11.1583
10
9.5
9
8.5
8
7.5
8
7.5
7
6.5
6
5.5
6
6.5
7.01667
8
8.5
9.04167
10
9.6
8
7.5
7
6.5
5.88333
5
5.5
5
4.5
4
3.5
5.38333
9.41667
10.5
11.2167
12.5
11.8667
11.325
9
8.44167
7.38333
6.5
6
5.34167
4.5
5
5.5
6.01667
6.95
7.73333
10.875
12.5583
13.5
13.1333
11.1
9.05
7.375
5.85
4.51667
3.5
3
2.45833
1.5
1
1.5
2.45
4.26667
5
5.625
6.5
7
6
6
5.5
6
6.5
7
7.5
7
6.40833
6
5.5
5.36667
5
4.5
4
5.45833
10.1
10.1667
10.0417
11
11.4
10.2417
8.9
7.28333
5.725
4.34167
3.38333
2.5
1.91667
1
0.5
0
2.79167
8.74167
9.10833
9.5
10.225
11.4
11.5
10.3417
8.125
6.00833
4.06667
2.575
1.5
0.866667
0
1.79167
7.16667
7.5
8.16667
9.86667
11.0583
10.6333
8.26667
5.76667
4
3.5
2.98333
2
1.5
2.5
4.93333
7.35833
9.125
10.1417
11
10.5
10
8.81667
7.425
6.5
5.5
5
4.5
5.44167
10.5417
12
12.5
13.2833
14.0917
13.5
12.6917
10.625
8.58333
6.71667
5.34167
4.5
5
5.5
6
6.5
7
7.5
8
8.5
9.09167
10.0083
11.0583
12.5
11.825
11
11.5
12
12.5
13
13.5
14
13.5
13
12.5
12
11.3917
10.5
9.90833
9
8.5
8
7.5
7
7.5
8.24167
9.56667
11.3
12
12.5
11.8583
10.95
9.90833
8.60833
7.25833
6.5
5.75
4.99167
4
3.5
3
2.5
2
2.59167
6.69167
9.78333
11.4
13.0917
14
13.2
11.8833
9.1
6.65833
5.15833
4
3.35
2.5
2
1.5
1
1.71667
6.46667
9.46667
11.475
10.5
9.98333
9.35833
8.1
6.86667
5.75833
4.75833
4
3.30833
3.5
3.5
4
9.025
9.225
8
7
6.03333
5.375
4
3.24167
3.49167
3.475
4.425
5.20833
6.30833
7.48333
8.38333
8.025
8.5
9.35833
10.3917
11.3167
12.1333
12
11.475
11.4833
11.5
12.3667
12.1833
10.9083
11.0083
11.2667
11.6417
10
9.1
8.1
6.90833
6.03333
5.40833
4.23333
4.5
4.00833
4.5
5.65
7.84167
8.00833
8.45
9.70833
7.81667
6.01667
5.24167
5
4.30833
4
3.18333
3.5
4.04167
5.46667
6.01667
7.10833
8.24167
9.39167
10.1417
9.85
9
8.25833
7.74167
6.31667
5.30833
5.49167
6.15833
6
6.5
7.70833
9.08333
10.35
11.35
12.0167
12
11.1083
10.2667
9.24167
9.03333
9.19167
9.26667
10.1333
10.0333
10.5
11.2167
11
10.4083
9.1
9.5
10.2
11.4167
11.5
11
10.0083
8.38333
8.46667
9.31667
10.5
11.1167
11
10.1
9.16667
8.26667
7.16667
7.5
8.225
8.00833
8.48333
8
8.5
9.375
10.7667
9.39167
9.93333
9.18333
8.76667
9
8.125
8.36667
8.5
8.00833
7.45833
7.16667
6.4
6.03333
6
4.95
5.06667
5.5
4.9
4.5
4.04167
4
3.49167
4.26667
4.34167
5.48333
6.16667
7.59167
8
7.30833
5.01667
4.10833
3.41667
3.5
3
2.05
2.65833
7.55833
9.23333
9.96667
10.0167
10.0583
8.96667
8.38333
7.34167
6.03333
5.375
4.5
4
3.10833
2.38333
3.11667
4.19167
5.225
7.39167
9.06667
8.96667
9.14167
6.90833
6.31667
4.375
3.04167
2.41667
1.49167
0.408333
0.966667
2.15
3.45
4.48333
4
3.20833
3.49167
4.3
4
3.03333
3
2.04167
2
2.5
2
2.5
6.49167
8.01667
6.5
7.33333
7
6.24167
4.2
3.125
2.05833
1.00833
0.2
0.533333
6.04167
7.00833
6.14167
6.49167
7.41667
7
6.025
5.21667
2.95
1.3
0.283333
0.5
4.43333
5.03333
4.125
5.40833
7.20833
7.49167
7
6.45833
4.68333
2.6
2.44167
1.91667
0.433333
0.5
1.9
4.54167
6.24167
7.35
8.14167
7.03333
6.38333
5.40833
4.49167
3.4
2.45833
2.5
5.61667
10.3583
10.5
11.4917
10.3083
10.0167
9.05
7.80833
5.775
4.21667
3.33333
3.5
4.21667
5.375
6.15833
6.03333
6.49167
7.25
8.39167
9.05
10.025
11.2167
11.0083
9.83333
9.03333
10.2917
11.2167
12.325
12
11.2583
11.5
11.025
10.2083
10.5
10.0167
10.1
10.5
10
9.475
9.10833
8.08333
7.30833
6.09167
5.28333
5.65
7.33333
8.43333
10.3083
10.2833
8.26667
8
7.225
6.275
4.175
3.35833
2.05
1.3
0.475
2.43333
10.0917
8.03333
7.93333
9.9
10.3083
9.98333
9.31667
8
5.76667
3.90833
2.25
1.34167
0.466667
0.491667
0
2.60833
9.36667
6.075
6.5
9.05
7.84167
7
6.34167
6
4.46667
3.38333
2.46667
1.01667
1.5
1.5
2.075
14.05
15.5917
17
17.5
18
18.5
19
19.5
20
20.5
21
21.5
22.4417
23
23.5
24
24.5
24
24.5
25
24.5
24
23.5
24
23.5
23
22.15
20.175
19.2583
18.325
17.4583
16.5
16
15.5
15
14.5
14
13.5
13
12.5
12
11.5
11
11.5
12
11.5
11
10.5
10
10.5
11
11.5
12
11.5
11
10.5
11.5
12
12.5
12
11
10
9.5
9
8.5
9
9.5
9.5
9.5
9.5
10
10
9.5
9.5
9
9.5
10
10.5
11
11.5
11.5
11.2333
10.5
10
9.5
9
8.5
8
8.5
9
9.5
10.0667
11
11.5
11
10.5
10
9.5
9
8.5
8
8.5
9
9.5
9.83333
10.5
11
10.5
11.0917
10
9.5
10
10.5
11
11.3583
11.5
11
11
11
10.5
10
10.5
11
11.7167
12.5
13.1583
14
14.5
15.3583
17.275
19.1083
19.4833
18.2083
15.5083
14.2333
13.3583
12.5
12
11.5
12
12
12.5
13
13
13
13
12.5
12
11.5
11
11
10.5
10
9.5
10
10.5
11
11.5
11
10.5
10
9.5
9
8.5
8
7.5
7
7.5
8
8.5
9
9.5
10
10.5
10
9.94167
9
8.5
8
7.5
7
7.5
8
8.5
8.64167
8
7.5
7
7
7
20
20.5417
21.5
22
22.5
22
21.5
21
20.5
20
20.5
21.475
22
22.5
22
21.5
21
20.5
20
19.5
20
20.5
21
21.5
21
20.5
20
20.5
21
21.5
22
21.5
22
22.5
23
23.5
23
22.5
22
22.5
23
23
22.5
22
22
22.5
22.5
22
22
21.4917
22.3083
22
22
21.1333
21.4167
22.0833
23.15
24
23.1833
23.5
24.825
23.3417
22.1167
22.5
22.0083
23.5667
24.3083
23.3333
22.4333
21.4333
21.3417
21.0167
21.1083
21.0667
21.4917
21.0083
21.5
21.0083
21
21.5
22.0333
23.625
23.5833
22.5667
22.5
22
20.7583
20.1417
20
19.0583
19.5
19
18.4833
18
18.4917
17.85
18.175
18.4833
18.0833
18.0583
18.4917
18.0583
18.4917
18.1083
17.725
18.475
19.4333
20.075
20.5
22.3333
22.575
21.0083
21.6333
22
21.35
21.5
22.2333
21.025
19.8333
20.5
20.0583
20.4917
21.0667
20.6583
21
20.15
20
20.5
10.4583
9.45
7.525
5.5
5
5
4.38333
3.23333
4.025
5.48333
6.66667
8.375
9.36667
9.5
9.28333
8.21667
8.46667
9.11667
10.4833
11.25
11.0083
10.0167
9.49167
9
9.5
10.0833
11.2083
11.0167
11
11.4667
11.0083
11.25
11.0083
10.1167
8.08333
7.33333
7.5
8.29167
9.10833
9.8
10
9.40833
7.575
7.49167
8.175
8.01667
8.01667
8.5
8
8.48333
8.03333
8.5
9.25
9.41667
9.36667
9.25833
9.05833
9.06667
8.46667
8
8.48333
8.5
8
7.5
6.36667
6.5
6.00833
5.46667
4.1
4.5
4
3.46667
3.5
4.00833
5.15
6.06667
6
6.5
7.38333
7.26667
7
6.35833
5.1
4.53333
4.49167
3.29167
2.125
2.5
4.04167
5.33333
9.48333
9.01667
8.025
7.44167
6.41667
5.025
4.49167
4.38333
3.49167
3
3.49167
4.375
5.00833
6.95833
7.85
7.48333
6.00833
5.04167
3.975
3.01667
1.98333
1.18333
0.0583333
0.5
1.46667
2.25
3.10833
3.05833
3
3.49167
3.00833
3.5
4.05
4.5
4
3.08333
3.475
3.5
3
5.11667
8.20833
7.88333
6.275
7.05833
7
6.08333
5.16667
4.34167
3.025
3
1.93333
0.425
-0.95
-0.991667
-1.58333
-1.5
3.69167
8.175
8.96667
8.01667
7.14167
7.00833
6.40833
5.40833
4.21667
1.53333
0.35
-0.916667
-1.68333
-2.675
-2.46667
2.69167
4.18333
5.45833
6.29167
5.275
4.03333
2.30833
1.1
0.333333
0.475
1.21667
2.25
3.35
4.15833
4.38333
4.00833
3.21667
2.24167
2.49167
2
1.375
1.55
4.89167
7.55833
10.2
9.85
9.45
9.73333
8.10833
7.20833
6.36667
5.475
6.475
6
6.5
7.14167
8.36667
9.475
10.0417
11.3083
11.0417
10.025
9.28333
10.1
11.1833
12.0083
12.225
12.25
11.1333
11.5
11.05
11.0417
10.4417
10.5
10.4833
10
9.025
8.41667
7.90833
7.175
6.31667
5.13333
4.20833
5.15833
6.13333
7.1
8.10833
9.80833
9.15
7.48333
7
6.49167
5.41667
4.09167
3.25833
2.225
2
1.34167
0.283333
1.225
6.53333
8.38333
8.81667
8.68333
7.48333
7
6.19167
5.05833
4.35
3.2
2.51667
1.05833
1.5
1
0.391667
1.41667
2.675
6.98333
8.125
7.36667
6.68333
5.225
4.45833
3.21667
3.39167
3.5
3.125
21.5
16.5
17.5
18
18.5
18.9
18
17.5
17
17.5
18
18.5
18.5
18
17.5
17
16.5
17
17.5
17.5
17.5
17
16.5
17.1
18
17.5
18
17.5
17
16.5
17
17.5
18
18.5
18
17.5
17
17.5
17
16.5
17
17.5
18
18.5
18
17.5
17
16.5
16
16.5
17
5.23333
15.025
15.175
13.9667
11.075
16.5917
16.5417
16.875
16.5417
16.9333
9
17.3667
8.55833
17
16.5
11.9333
16.925
16.075
5.18333
14.9667
16.8667
17.4583
17.575
14.2167
4.99167
17.7
7.8
6.26667
15.4083
14.325
17.4667
6.9
4.2
17.225
6.03333
16.9917
3.66667
14.325
16
6.63333
6.1
15.4
16.6
15.0333
17.4583
15.8417
16.9917
15.8
16.9333
17.5
13.8667
17.2167
16.775
17.7
16.85
16.8583
13.1583
16.6583
16.8333
16.4167
16.925
12.075
16.5917
17.1417
17.5917
18.4583
11.5917
18.1917
11.3
17.8
17.8833
17.4583
9.45
9.9
3
17.1
0.9
17.5
8.4
1.4
18
17.1333
17.5083
17.525
10.8
17.7
4.2
12.9
8.7
0.9
0.9
10.575
17.5
16.875
6.9
4.4
17.7083
5.1
0.6
6.79167
17.75
3.5
17.4833
9.3
17.1667
12.1667
15.6
0.5
18.1833
12.9083
17.0667
11.3167
16.9917
15.3167
17.5
12.9
17.7083
18.2417
18.3583
18.725
13.3917
18.1667
15.7167
6.3
4.2
2.1
14.7
12.075
16.5417
17.5
1.8
13.5
16.2
15.1667
2.9
17.4833
13.85
17.7167
3.4
3.48333
4.33333
5.16667
6.5
7.175
9
9
9
8
8.5
8.35833
8.5
8.48333
9.475
9.5
10.0833
10.5
10.5
10.0667
10.2667
9.15
9.475
9.03333
9.15
9.48333
10.25
11.275
11.025
11.45
10.875
10.1583
9.24167
8.15
8
8.3
8.5
9.49167
9.11667
9.15
8.425
8.49167
8.025
8.49167
8.36667
8
8.5
8.5
8
7.04167
8.38333
7.69167
9.03333
8
8.35
8.35833
8.20833
8.01667
7.45833
6.45
6.36667
6.03333
6.46667
6.39167
6.5
6
5.44167
4.025
4.49167
4.00833
4.48333
5.2
6.10833
5.95
6.5
7.00833
7
6.03333
5.475
5.025
4.13333
4.475
4.025
3.38333
3.5
4.79167
6.025
6.08333
5.90833
5.525
3.28333
3
3.45
4.325
5.24167
6.33333
7.39167
7.00833
6.20833
5.50833
4.05
3.01667
2.3
1.40833
1.44167
1.04167
0.483333
0.0666667
0.5
1.425
2.40833
3.1
3.35
3.5
4.49167
4.5
3.225
3.14167
3.09167
3.5
3.36667
3.16667
3.4
3.49167
3.04167
3
3.80833
5.49167
6.46667
7.03333
7.00833
6.05
6.11667
5.25833
4.04167
3.2
2.25
1.275
0.325
0
0.933333
2.75833
4.025
5.19167
5.5
5.01667
4.04167
3.16667
2.33333
1.24167
0.141667
0
0.0916667
1.19167
2.3
3.4
4.40833
5.43333
5.00833
4.01667
4.00833
3.01667
2.29167
1.49167
0.1
0.5
1.1
2.025
2.5
3.10833
3.05833
2.3
1.35
1.475
2.35
4.625
6.35
7.60833
9.5
9.03333
8.09167
7.1
6.40833
5.04167
5.49167
6.09167
6.5
7.375
8.48333
9.05
10.5
10.0083
10.4583
10.5
10.0417
10.1333
11.4167
12.425
12.2333
12.125
11.9417
12.0083
11.2667
10.45
10.4833
10.0167
9.19167
8.175
7.25833
7.04167
6.375
4.91667
5.075
5.5
6.30833
7.44167
8.45833
7.65
7.475
7.00833
6.76667
4.925
4.34167
3.35
2.00833
1.175
1
1.19167
2.74167
4.325
5.73333
7.34167
8.01667
8.025
8
8
7.16667
6.18333
5.09167
4.28333
4.06667
3.43333
2.425
1.28333
1.80833
4.16667
5.625
5.55
5.5
6.125
6.31667
5.30833
4.475
3.125
9.13333
9.41667
9.15
9.025
9.5
8.81667
8.49167
8
7.19167
6.33333
5.2
4.00833
4.5
5.06667
6.25
7.25833
8.50833
9.65833
10.725
12.5
12
11.125
11.3
12.475
12.025
12.3667
12.0167
12.2167
11.1583
11.5
11
10
9
8.41667
8
7.125
6.4
5.025
5.00833
5.03333
6.00833
7.14167
8.05833
8.00833
6.69167
6.5
6.11667
6
6
5.46667
4.2
4.5
5.03333
6.23333
7.44167
10.5
10
10
9
8.06667
8.5
8.14167
8.5
9.375
9.5
9.5
9.5
9.66667
10.5
11.5
11
11
10.1667
10.225
10.0333
9.2
9.19167
10.4583
10.5
11.225
11.05
11.5
12.15
11.0917
10.4417
9.475
8
8.4
8.5
9.05833
10.1167
10.0417
10.2167
9.35
8.20833
8.5
8.5
9.5
9.13333
9
8.38333
7.275
8.975
8.55833
10.15
10.0833
9.15833
9
9
9.04167
8.10833
7.00833
6.88333
7
6.05833
6.06667
5.15
4.475
4.025
4.49167
4.00833
4.5
5.35
6.28333
6
6.49167
7.20833
7
6
5.225
4.18333
3.10833
3.04167
4.1
4.16667
3.35833
3.60833
5.34167
6.25
7.05833
7
6.175
5.25833
4.45833
4.5
4.21667
4.00833
4
4.40833
5.35
7.25
9.51667
11.6083
13.1
9.39167
8
7.61667
6.05833
5.00833
4.49167
3.46667
3
2.49167
2.35833
1.44167
1.5
2.4
3.5
4.13333
4
4.5
4.125
4.48333
4.34167
4.5
4
4
4.43333
4.00833
4
4
3.575
3.5
4.44167
6.54167
7.14167
8.4
10.4167
10.1
8.25833
7.21667
6.4
5.03333
4.325
3.23333
2.3
1.375
0.166667
0
0.5
1.89167
3.99167
5.81667
8.125
10.3667
9.33333
7.61667
6.23333
5.15
4.23333
2.16667
1.425
0
0
0.466667
2.44167
4.675
6.875
9.40833
10.4917
8.74167
7.425
6.04167
5.025
4.08333
3.46667
2.175
1.38333
1.5
2.35833
3.325
4.15
4
4
3.26667
2.29167
2.00833
1.01667
1.5
2.8
5.24167
7.69167
9.76667
12.275
12.1833
10.6667
9
8.25
7.20833
6.46667
6.49167
6.325
7.45833
8.05833
9.20833
10
10
10.4917
10.5
11.4667
12.4833
12.0083
11.4917
11.425
11.0083
10
10.4583
10
10.5
10
9.09167
8
7.3
6.43333
6.5
7.40833
8.21667
9.2
8.46667
7.5
7.11667
6.40833
5.9
5.18333
4.19167
3.15
2.5
1.45
1.2
1.65833
3.4
5.40833
7.56667
10.6917
12.3167
11.05
10.25
9.2
8.28333
7.18333
6.38333
5.43333
4.4
3.14167
2.25833
2.575
4.34167
5.10833
6.88333
7.21667
6.93333
7.175
6.29167
5.05
4.20833
22
22.5
18.625
21.5
21.1333
23.0333
22.3583
21.3
21.5
22
21.5
22
21.5
22
21.5
22
21.5
22
21.5
21.5667
22
21.5
21
21.5
21.5
21.1417
21
21.5
21
21.5
21.975
21.5
21
20.8
21.6167
22
21.5
21
21.5
22
19.9417
20.25
17.7083
22
22.5
22.4417
22
20.4
21.5
21
21.4917
21
19.5333
18.25
21.5
22
21.5
22
21.5
21.5
22.3917
21.5
21
21.5
21
21.5
21
21.5
21
21.5
22.0167
22
16.25
22
21.5
22.0167
22
21.5
22
21.5667
21.1417
22
21.5
21.8417
22
21.5
21
21.0917
22
22.5
21.525
22
21.025
19.95
22
20.8917
21
21.325
21.075
20.8833
21.2417
22.5
22.0917
21
21
21.5
21
20.5
21
21.5
21.5
21.5
21.5
21.5
21.5
21
21.5
21
20.5
21
20.5
21
20.5
20.8417
20
20.5
20.5
21
21
21
20.5
21
21.5
21
21.5
22.1167
21.8417
22
21.5
21
21
21
20.5
20.5
20.1583
20
20.5
20
20.5
20.9833
20.5
20
19.5
19
19.5
20
20.5917
20.5
21
20.5
21
21.5
22
21.5
21
20.5
19.7333
19.0083
20.4833
20
20.5
20
20.275
20.5
20
13.3583
8.89167
20.5
12.775
22.375
21
20.5
20
20.5
20
20.1583
20.5
21
21.5
22
21.5
21
20.025
18.6667
19.5833
21
21.5
18
22
21.5
22
22.5
22
21.5
22
21.5
21
21.1417
4
21.5
18.3917
20.5
21
17.6
8.85833
21.5
21
20.5
20
20.8417
20
20
20.5
21
21.5
22
21.5
22
21.5
22
21.5
21.5
21.5
20.5
20
20
20.5
21
21.5
22
21.5
22
22
21.65
22
22
21.5
21.5
21.5
21
20.5
20.5
21
21.5
22
21.5
22
21.5
22
22
22
22
21.5
21
20.5
20.5
21
21.5
22
21.5
22
21.65
22
22
21.5417
21
20.5
20.5
21
21.5
22
21.5
22
22
21.5
22
21.5
21.5
21
20.5
20.5
20
20.5
21
21.5
22
21.5
22
21.5
22
21.5
21.5
21
20.5
20.5
21
21.5
22
21.5
22
21.5
21.5
21
20.5
20.5
20
20
20.5
21
21.5
22
21.5
22
21.5
22
22.5
22.5
22
21.5
21
20.5
20.5
21
21.5
22
21.5
22
21.5
22
21.5
22
22
21.5
21
20.5
20
20.5
21
21.5
22
21.5
22
21.5
21.5
21
20.5
20
20
20.5
21.5
22
21.8667
22
22.5
22.5
22
21.5
22
21.5
22
21.5
22
21.5
22
22
21.5
22
21.5
22
22.75
22
21.625
21.5
21
20.5
20.7583
20
20.5
21
21.5
22
21.5
22
21.5
22
22
21.5
21
20.5
20
20
19.6583
20.5
21.1667
22
21.5
21.5
22
21.7833
21
20.5
20
19.8083
20
20.5
21.1417
22
21.5
22
21.5
21.5
21
20.5
20
20
20.5
21
21.5
22
21.5
22
21.5
21.5
21
20.5
20
19.5
19.5
20
20.5
21.225
22.075
22.5
22
21.5
22
21.5
22
22
21.5
21
20.5
20
20.6333
21.5
22
22
21.5
21.5
21.7083
21.5
22
22
21.5
21
20.5
20.5
21.0833
22
22
21.6333
22.3667
21.5
21.8583
22
21.5333
21
20.5
20.5
20.5
21
21.125
22
21.4833
21.5
22
21.5
21.9833
22
21.5
21
20.5
20
20.5
21
21.5
22
21.5
22
21.5
22
21.5
21.8417
21.5
21
20.5
20
20
20.5
21
21.5
22
22.3917
21.5
21.5
22
21.5
21.5
21
20.5
20
20
20.5
21
21.5
22
22
21.5333
22
21.5
22
21.6333
21
20.5
20.5
20
20
20
20.5
20.5
21
20.5
21
20.5
21
20.5
19.7583
18.8167
20
20.5
21
21
20.5
20.5
23.5
24
24.5
24
23.5
24
23.5
24
23.5
24
23.5
24
23.5
24
24.5
25
24.5
24
24
24.5
24
24
21.5
21.5
21
20.5
21
21.5
22
21.5
22
21.5
21.5
21
21
21.5
22
21.5
22
21.5
22.3667
21.5
21
21
21.5
22
21.5
22
21.5
22
22
19.5
26
26.5
27
27.5
27
27.5083
29.8833
28
27.5
27
27.5
27.5333
31.9417
28.925
28
28
27.5
27.5
21.5
22
21.5
22
21.5
21.5
21
21.5
22
21.5
22
22
21.5
21.725
21.5
22
22
21.5
22
22
19.5
19.3833
20
19.7667
19.3417
19
18.5
18.6917
19.75
19.5
20
19.6833
20.5
20
19.5
20
20.5
20
20.0833
20
19.3667
19.6667
19.6583
19.5
20
19.5
20
19.5
19.5
20
20.1083
20
19.5
20
20
19.5
20
19.6833
20.5
20
19.775
19.5
20
19.5
20.3583
20
19.5
20
19.55
20.5
20
19.5
19.9917
20
19.5
20.275
19.9917
20.2583
19.95
20.1583
19.9917
20.2417
20
19.5
20.05
20
19.5
20
20.5
20
19.4917
20
19.5
20.1583
20
19.5
20
19.5
20.1167
20
19.5
20.5833
20
19.925
20
19.5
20.0167
20
19.825
20.3417
20
19.5
20.075
20
20
20.8417
20
19.6667
20.5
20.5917
19.55
20.5
20
19.5
20.3667
20
19.6083
20
19.5
20.7167
20
20.475
21
20.5
20
19.5667
20.5
20
19.95
20
19.5
20
19.95
20.2
20
19.3667
20
19.8
20.5
20
19.7417
19.4917
20
19.55
20.5
20
19.475
20.65
20
18.8583
20
19.5167
20.5
20.2917
20.2167
20.5
20
19.8
20
19.5
20.0333
20
19.9333
20.275
20.5
20
19.8583
20
19.625
20
19.5
20.675
20
19.2917
20.5
20.5
20.3
19.6667
20.1333
19
18.5
18.8917
20.5
20.4417
19.5
20.275
20.5
20
19.6917
20
19.5167
20.5
20
19.5
19.5
19.5
19
18.5583
19.1417
20.5
20
19.9583
19.95
20
19.5
20.3833
20
19.5
20.0333
19.8333
19.4667
18.4333
17.5
17.95
20.1167
20
19.525
20.5
20
19.5333
20.5
20
19.7333
19.875
20
19.6083
20
19.5
18.9833
18
17.5
17
16.5
16
15.4333
17.1333
18.975
20
19.5083
20
19.5833
20.5
19.9
20.1583
19.9417
20.1833
19.8417
18.9917
19.0917
18
17.5
17.3083
19.8417
19.6
20.4583
20
19.8917
20.5
20
19.525
19.3667
20.5
19.85
19.2583
18.5
18
17.8583
17
17.4833
18.9
20
19.575
19.2417
20.5
20
19.5
20.425
20
19.575
19
18.5
18
17.5
17.8083
19.3167
20
19.7417
20
19.5
20
19.5
20
20.5
20
19.2833
19
18.5
18.5
18
17.5
18.025
19.675
19.5833
20.5
20
19.5833
20.5
20
19.5
20
20.5
20.225
19.5
19
18.5
18
17.5
18.05
19.4833
20.1583
19.9833
20.5417
20
19.875
20
19.6583
20
20.0417
20.5
20
19.5
19
18.5
18
17.5
17.425
19.8833
19.5667
20.5
20
19.5
20.3583
19.9583
20.2083
20
19.575
20.3917
20
19.5
19
18.5
18.2333
17.5
18.2917
20
19.4083
20.5
20
19.5
20.5667
20
19.8417
20
19.2833
20
19.5
20
19.2833
19.5
20
19.5
20
20
19.3
19.5
20
19.5
20
19.5917
19.9
19.725
19.6667
19.5
20
20.1167
20
19.5417
20
19.675
19.5
20
19.5
20
19.5333
19.5
20
19.225
19.725
19.8917
19
19.4833
20.3167
20
19.7917
19.5
20
19.5917
19.5
20
19.5
20
20.1583
19.3917
19.5
20
19.5083
19.7083
19.5
20
19.5
19.5167
19.5
20
19.5
20
19.5
20
19.7917
20
19.975
19.9333
20
19.5
20
19.4083
20.3333
19.85
19.5
20
19.5
20
19.9
19.7
19.5
19
19
19.3083
19.5
20
19.5
20
20
19.5
20
19.5
20
19.6917
19.5333
19.5
19
19.0417
19.825
19.5
19.5
19.675
19.675
19.5
20
19.5
20
19.9417
19.5333
20
19.9333
19.5
19
19.7833
19.5
19.9083
19.9583
19.6917
19.5
20
19.5
20
19.5
20
19.5
20
19.575
19.5
19.4667
19.5
19.5
20
19.5667
19.5333
19.5
20
19.9667
19.5833
19.5
19.6667
19.5
20
19.5
20
19.5
20
19.5667
19.5
19.6583
19.5
20
19.6417
19.5
20
19.5417
20.0583
19.55
20.1333
19.5
20
19.2083
19.5667
19.5
20
19.6083
19.8083
19.5
19
19.875
19.575
20.325
20
19.5
20
19.575
19.5
20
19.5
20
19.6
19.7083
19.7833
19.5
20
19.5
20
19.95
20.3333
19.5
19.6333
20
19.775
19.5
20
19.8417
19.95
19.5
19.7667
20
20
19.5667
19.7333
19.8083
19.5
20
19.55
19.5917
19.8917
19
19.1167
19.5
19.5
20.3333
19.5
20
19.5
20
19.5
20
19.6667
19.5
20
19.5
20
19.3417
19.5
20
19.7667
19.5
19.5
19.9
19.3583
18.3917
18.4417
19.5833
19.4333
19.175
19.0917
19.5583
20.3333
19.8167
19.5
19.9333
19.6333
19.5
19.9167
19.5
19.8667
19.8167
19
18.925
18.0833
19.9
19.4917
19.5
19.2083
19.775
20
19.8167
19.7083
19.5
20
19.3167
19.5
20
19.8333
19.5
20
19.5
19.5333
19.8
20
19.825
18.7917
18.5
18.5
18.5
19.05
19.2667
19.5083
19.9
20
19.6083
19.5
20
19.6333
19.5
20
19.675
19.575
19.5
19
18.5
18.5
18
18.0667
19.1667
19.6333
19.7667
19.9667
19.6917
19.7583
19.5
20
19.4333
19.6167
19.5
20
19.6583
19.5
19.275
18.675
18
18.25
19.0333
19.5
20.2417
20
19.825
20
19.5167
19.5333
19.5
20
19.6667
19.5
19.9583
19.5
19.2667
18
17.5
17.2583
18.5917
19.5
20
19.7
19.7917
19.5
19.9583
20
19.9333
19.5
19.625
20
19.675
19.5
19.5
19
18.5
18.7333
17.7917
19.1083
19.5
20.2667
20
19.8083
20
19.9917
19.5
20
19.5917
20.0333
19.5
20
19.7
19.1
19
19.3417
19.5
19.8083
19.6417
19
19.1417
20
19.6833
19.4417
19.6
19.6417
20.0083
19.5167
19.7333
19.5
19.5
19.5833
20
19.8
19.3167
19.5
20
19.5
20
19.85
19
19
18.2583
19.525
19.6417
19.5
20
19.5
20
